2 0.5072115384615384 0.6358173076923077 0.35096153846153844 0.3401442307692308
2 0.16826923076923078 0.6646634615384616 0.2920673076923077 0.4362980769230769
2 0.5600961538461539 0.7884615384615384 0.6165865384615384 0.41225961538461536
2 0.3137019230769231 0.2620192307692308 0.04326923076923077 0.08774038461538461
2 0.5637019230769231 0.35216346153846156 0.055288461538461536 0.140625
2 0.21033653846153846 0.38341346153846156 0.15745192307692307 0.14543269230769232
2 0.9338942307692307 0.4026442307692308 0.12379807692307693 0.20432692307692307
2 0.6622596153846154 0.4074519230769231 0.0985576923076923 0.17427884615384615
2 0.33774038461538464 0.41466346153846156 0.0985576923076923 0.19951923076923078
2 0.47596153846153844 0.43990384615384615 0.10576923076923077 0.2091346153846154
2 0.04447115384615385 0.44711538461538464 0.0889423076923077 0.2548076923076923