2 0.4807692307692308 0.671875 0.375 0.3641826923076923
2 0.13942307692307693 0.7067307692307693 0.27884615384615385 0.47596153846153844
2 0.5372596153846154 0.8052884615384616 0.6598557692307693 0.3798076923076923
2 0.27403846153846156 0.2704326923076923 0.046875 0.09375
2 0.5408653846153846 0.36778846153846156 0.05889423076923077 0.15144230769230768
2 0.1622596153846154 0.4014423076923077 0.16826923076923078 0.15625
2 0.9338942307692307 0.421875 0.125 0.21875
2 0.6466346153846154 0.4266826923076923 0.10576923076923077 0.1875
2 0.29927884615384615 0.43509615384615385 0.10576923076923077 0.21394230769230768
2 0.44711538461538464 0.46153846153846156 0.11298076923076923 0.22355769230769232
2 0.015625 0.46875 0.03125 0.2704326923076923