2 0.8257211538461539 0.039663461538461536 0.09615384615384616 0.05889423076923077
2 0.38221153846153844 0.6382211538461539 0.11298076923076923 0.2764423076923077
2 0.16105769230769232 0.6538461538461539 0.15625 0.2764423076923077
2 0.9242788461538461 0.6887019230769231 0.14302884615384615 0.25
2 0.8545673076923077 0.1141826923076923 0.06490384615384616 0.07932692307692307
2 0.7391826923076923 0.15985576923076922 0.08653846153846154 0.07451923076923077
2 0.9038461538461539 0.16706730769230768 0.09615384615384616 0.06971153846153846
2 0.5456730769230769 0.1778846153846154 0.06490384615384616 0.07932692307692307
2 0.421875 0.19110576923076922 0.09615384615384616 0.09615384615384616
2 0.22596153846153846 0.19471153846153846 0.1310096153846154 0.10096153846153846
2 0.7019230769230769 0.234375 0.12620192307692307 0.09615384615384616
2 0.8257211538461539 0.3425480769230769 0.14783653846153846 0.13341346153846154
2 0.6322115384615384 0.36658653846153844 0.12620192307692307 0.15985576923076922