2 0.8365384615384616 0.05048076923076923 0.09495192307692307 0.05889423076923077
2 0.39663461538461536 0.6490384615384616 0.11177884615384616 0.2764423076923077
2 0.17668269230769232 0.6646634615384616 0.15504807692307693 0.2764423076923077
2 0.9290865384615384 0.6995192307692307 0.13341346153846154 0.25
2 0.8641826923076923 0.125 0.06490384615384616 0.07932692307692307
2 0.75 0.17067307692307693 0.08653846153846154 0.07451923076923077
2 0.9134615384615384 0.1778846153846154 0.09495192307692307 0.06971153846153846
2 0.5576923076923077 0.18870192307692307 0.06490384615384616 0.07932692307692307
2 0.43509615384615385 0.20192307692307693 0.09495192307692307 0.09615384615384616
2 0.24158653846153846 0.20432692307692307 0.12980769230769232 0.10096153846153846
2 0.7139423076923077 0.24519230769230768 0.125 0.09615384615384616
2 0.8365384615384616 0.35336538461538464 0.1466346153846154 0.13341346153846154
2 0.6442307692307693 0.37740384615384615 0.125 0.15985576923076922